[[4.096, 3.892, 4.2], 4.062666666666666][[4.59, 4.028, 4.198], 4.271999999999999][[3.446, 4.519, 3.953], 3.9726666666666666][[4.4, 4.311, 3.644], 4.118333333333333][[3.433, 4.442, 4.226], 4.033666666666666][[4.647, 4.57, 4.138], 4.451666666666667][[4.318, 4.487, 4.309], 4.371333333333333][[4.266, 4.596, 3.837], 4.233][[4.371, 2.894, 4.295], 3.8533333333333335][[4.455, 4.036, 4.56], 4.3503333333333325][[4.278, 4.457, 3.718], 4.151][[4.111, 2.719, 4.041], 3.623666666666667][[4.294, 3.757, 4.082], 4.044333333333333][[4.331, 4.666, 4.148], 4.381666666666667][[4.184, 3.774, 4.252], 4.07]


[[-8.826, -2.803, -2.5], -4.709666666666667]
[[-2.794, -3.674, 0.698], -1.9233333333333331]
[[-13.111, -5.439, -3.078], -7.209333333333333]
[[0.438, -9.918, -0.29], -3.256666666666666]
[[1.296, 0.165, -3.579], -0.7060000000000001]
[[-0.652, -10.631, 0.661], -3.5406666666666666]
[[-1.725, 1.192, 0.66], 0.0423333333333333]
[[-3.519, -2.621, -9.311], -5.150333333333333]
[[1.19, -9.639, 0.811], -2.546]
[[-3.231, 0.94, -0.444], -0.9116666666666666]
[[2.491, -0.682, -2.457], -0.2159999999999999]


[[-8.909, -2.034, 0.298], -3.548333333333334]
[[-5.034, -14.658, -1.991], -7.227666666666667]
[[-9.491, 1.623, -15.256], -7.707999999999999]
[[1.003, -0.479, -4.999], -1.4916666666666665]
[[-16.018, -13.455, -3.287], -10.92]
[[-2.369, 2.844, -0.726], -0.08366666666666678]
[[3.748, 2.217, 0.537], 2.167333333333333]
[[3.438, 2.917, 1.6], 2.651666666666667]
[[1.485, 3.594, 3.718], 2.9323333333333337]
[[-3.686, -4.096, -6.993], -4.925]
[[-7.907, -0.565, -20.18], -9.550666666666666]
[[0.181, -0.85, -5.42], -2.029666666666667]
[[-13.108, -0.801, 2.697], -3.7373333333333334]

7.12 result

[[3.47, 3.424, 2.287], 3.060333333333334]
[[2.891, 3.402, 3.563], 3.2853333333333334]
[[2.719, 2.874, 0.063], 1.8853333333333333]
[[2.833, 2.392, 2.779], 2.6679999999999997]
[[-1.129, 0.302, 3.37], 0.8476666666666667]
[[3.05, 2.252, -1.106], 1.3986666666666665]
[[2.173, -7.628, 3.169], -0.762]
[[1.995, 2.085, 2.016], 2.032]
[[-0.528, 2.138, 3.986], 1.8653333333333333]
[[-0.375, -5.673, 2.308], -1.2466666666666668]
[[-0.191, 3.258, 3.326], 2.1310000000000002]
[[0.534, -4.656, -7.164], -3.762]
[[-1.236, -0.867, -7.08], -3.061]
[[4.667, 3.652, 4.615], 4.311333333333333]
[[4.488, 4.11, 4.181], 4.259666666666667]
[[4.606, 4.146, 4.331], 4.361]
[[4.256, 4.715, 3.169], 4.046666666666667]
[[4.553, 4.356, 4.558], 4.489]
[[4.463, 4.514, 4.806], 4.594333333333334]
[[4.475, 4.628, 4.447], 4.516666666666667]
[[4.765, 4.742, 4.832], 4.7796666666666665]
[[4.608, 4.753, 4.718], 4.6930000000000005]
[[4.799, 4.856, 4.722], 4.7923333333333344]
[[4.762, 4.813, 4.697], 4.7573333333333325]
[[4.803, 4.873, 4.541], 4.739]
[[4.784, 4.822, 4.837], 4.814333333333333]
[[4.885, 4.739, 4.881], 4.835]
[[4.785, 4.809, 0.043], 3.2123333333333335]
[[4.759, 4.854, 4.771], 4.794666666666667]
[[4.723, 3.104, 2.17], 3.332333333333333]
[[2.572, 1.932, 4.096], 2.8666666666666667]
[[3.331, 3.29, 3.477], 3.366]
[[4.499, 4.738, 4.812], 4.683]
[[4.612, 4.53, 4.665], 4.602333333333333]
[[4.326, 4.064, 3.766], 4.0520000000000005]
[[4.493, 4.517, 4.548], 4.519333333333334]
[[4.237, 4.374, 4.375], 4.328666666666667]
[[4.763, 4.783, 4.808], 4.784666666666666]
[[4.768, 4.861, 4.737], 4.788666666666667]
[[4.431, 4.47, 3.992], 4.297666666666667]
[[4.238, 1.18, 3.678], 3.032]
[[4.463, 4.329, 4.243], 4.345]
[[3.701, 4.224, 3.458], 3.794333333333334]
[[4.483, 4.494, 3.52], 4.165666666666667]
[[4.664, 3.673, 4.585], 4.307333333333333]
[[4.022, 2.118, 4.809], 3.649666666666667]
[[4.797, 4.781, 4.811], 4.796333333333333]
[[-4.591, 2.574, 0.817], -0.40000000000000013]
[[2.306, -2.941, -1.082], -0.5723333333333332]
[[4.4, 3.537, 4.481], 4.139333333333333]
[[3.496, 4.142, 4.026], 3.888]
[[2.741, 4.308, 2.245], 3.0980000000000003]
[[4.416, 4.461, 4.502], 4.459666666666667]
[[4.345, 4.025, 4.578], 4.316]
[[4.568, 3.755, 3.904], 4.075666666666667]
[[4.553, 4.142, 4.552], 4.415666666666667]
[[4.415, 4.2, 4.205], 4.273333333333333]
[[4.55, 4.795, 4.835], 4.726666666666667]
[[4.774, 4.864, 4.816], 4.8180000000000005]
[[2.903, 4.242, 2.337], 3.1606666666666663]
[[0.455, 1.861, 1.491], 1.269]
[[1.961, 0.39, 4.214], 2.1883333333333335]
[[3.381, 3.412, 3.899], 3.564]
[[0.889, -10.275, -1.26], -3.548666666666667]
[[1.614, 0.469, -1.828], 0.08500000000000003]
[[4.169, 4.439, 4.555], 4.387666666666667]
[[4.731, 4.765, 4.531], 4.6756666666666655]
[[4.684, 4.789, 4.624], 4.698999999999999]
[[4.82, 4.715, 2.223], 3.919333333333333]
[[4.626, 4.612, 4.545], 4.594333333333333]
[[-0.575, -4.686, 2.938], -0.7743333333333333]
[[0.686, 1.013, 3.797], 1.832]
[[3.392, 3.166, -0.177], 2.1270000000000002]
[[4.502, 4.154, 4.211], 4.289]
[[2.32, 3.835, 4.647], 3.6006666666666667]
[[-1.901, -3.781, 0.827], -1.6183333333333334]
[[1.629, 0.315, 0.113], 0.6856666666666666]
[[-6.443, 1.173, -2.757], -2.6756666666666664]
[[0.421, -11.175, 1.723], -3.0103333333333335]
[[2.321, 1.078, -0.35], 1.0163333333333333]
[[-0.224, 0.469, 1.692], 0.6456666666666666]
[[-0.758, -7.876, 0.619], -2.671666666666667]
[[0.559, -7.251, -5.418], -4.036666666666666]
[[1.35, 2.454, -6.906], -1.0339999999999998]
[[-2.926, -1.045, 0.247], -1.2413333333333334]
[[1.455, 1.041, -5.07], -0.8580000000000001]
[[-0.954, -3.042, -11.26], -5.085333333333334]
[[0.103, -12.05, -0.968], -4.305000000000001]
[[4.086, 3.086, 2.579], 3.2503333333333337]
[[3.935, 2.665, 3.223], 3.2743333333333333]
[[3.137, 0.305, 3.752], 2.398]
[[4.105, 3.865, 4.117], 4.029]
[[4.301, 3.01, -0.067], 2.4146666666666667]
[[0.147, -0.672, 4.232], 1.2356666666666667]
[[3.4, 4.502, 3.979], 3.9603333333333333]
[[3.355, 4.857, 4.796], 4.335999999999999]
[[4.883, 4.816, 4.781], 4.826666666666667]
[[0.804, 0.634, 4.85], 2.096]
[[4.798, 4.738, 4.354], 4.63]
[[4.445, 4.518, 4.207], 4.390000000000001]
[[0.156, 4.155, 4.316], 2.875666666666666]
[[3.58, 4.126, 4.213], 3.9730000000000003]
[[4.347, 4.299, 4.07], 4.238666666666667]
[[4.155, 2.954, 3.599], 3.5693333333333332]
[[2.983, 0.07, 0.593], 1.2153333333333334]
[[3.352, 2.983, 3.76], 3.3649999999999998]
[[2.164, 0.494, 3.719], 2.125666666666667]
[[0.458, -0.624, -0.748], -0.30466666666666664]
[[-1.004, 0.338, -0.887], -0.5176666666666666]
[[2.172, -0.245, 2.338], 1.4216666666666669]
[[-2.937, -2.077, -4.887], -3.300333333333333]
[[-4.072, 1.681, 3.412], 0.3403333333333333]
[[-19.886, 1.472, 3.187], -5.075666666666666]
[[2.773, 4.41, 4.469], 3.8840000000000003]
[[1.079, 4.796, 4.84], 3.5716666666666668]
[[4.628, 4.606, 4.363], 4.532333333333334]
[[4.176, -51.401, 4.477], -14.249333333333334]
[[4.442, 2.617, 3.989], 3.6826666666666665]
[[4.439, 4.216, -2.97], 1.8950000000000002]
[[3.815, 3.826, 4.14], 3.9269999999999996]
[[4.095, 4.815, 4.691], 4.533666666666666]
[[-0.403, 4.195, 4.305], 2.699]
[[4.356, 3.982, 3.251], 3.863]
[[4.435, 4.48, 4.153], 4.355999999999999]
[[4.549, 4.202, 4.533], 4.428000000000001]
[[4.606, 4.006, 4.111], 4.241]
[[4.322, 3.453, 4.549], 4.1080000000000005]
[[3.188, 3.83, 3.001], 3.3396666666666666]
[[4.469, 3.828, 3.899], 4.065333333333334]
[[2.306, 3.561, 4.318], 3.3949999999999996]
[[3.858, 3.375, 3.661], 3.6313333333333335]
[[3.459, 3.712, 0.899], 2.69]
[[3.477, 3.959, 3.106], 3.514]
[[3.243, 2.401, -3.017], 0.8756666666666667]
[[2.492, 2.771, -10.714], -1.8170000000000002]
[[-0.162, 0.849, 1.59], 0.759]
[[-0.781, -0.416, -0.233], -0.47666666666666674]
[[-0.41, -15.906, 1.21], -5.035333333333333]
[[0.039, 0.668, -2.662], -0.6516666666666666]
[[2.223, -2.304, -0.315], -0.13199999999999998]
[[0.592, 0.039, 0.039], 0.22333333333333336]
[[-3.452, 1.266, 0.039], -0.7156666666666666]
[[-0.378, -3.918, -6.093], -3.4629999999999996]
[[-9.25, -2.455, 0.039], -3.888666666666667]
[[-0.374, -1.404, -1.505], -1.0943333333333334]
[[2.127, -1.71, 0.039], 0.15199999999999994]
[[0.039, 0.039, -0.538], -0.15333333333333335]
[[0.07, 2.529, -2.681], -0.02733333333333343]
[[-7.681, 1.622, 0.451], -1.8693333333333335]
[[-0.249, -1.552, 0.733], -0.35600000000000004]
[[-8.102, -2.244, -5.827], -5.391000000000001]
[[1.739, 0.399, -0.022], 0.7053333333333334]
[[0.018, -5.18, 0.039], -1.7076666666666667]
[[-0.375, 0.063, -2.085], -0.7989999999999999]
[[0.039, 1.596, 0.359], 0.6646666666666666]
[[-3.589, 0.899, 0.444], -0.7486666666666667]
[[0.039, -3.968, 0.039], -1.2966666666666666]
[[0.641, 0.006, -0.128], 0.17300000000000001]
[[-4.988, -0.715, -2.474], -2.7256666666666667]
[[0.039, -0.015, 1.248], 0.424]
[[0.163, -2.156, -1.159], -1.0506666666666666]
[[-1.582, -0.328, -0.565], -0.8250000000000001]
[[0.039, 0.222, 0.039], 0.09999999999999999]
[[4.634, 4.359, 4.665], 4.552666666666667]
[[-11.349, -1.289, 4.194], -2.814666666666666]
[[4.82, 4.854, 4.857], 4.843666666666667]
[[4.885, 4.683, 4.329], 4.6323333333333325]
[[3.776, 4.394, 4.676], 4.282]
[[4.564, 4.417, 4.041], 4.3406666666666665]
[[4.447, 4.359, 4.701], 4.5023333333333335]
[[4.159, 3.971, 4.571], 4.233666666666666]
[[3.949, 3.389, 3.836], 3.7246666666666663]
[[4.526, 4.469, 4.411], 4.468666666666667]
[[4.102, 4.287, 4.492], 4.293666666666667]
[[3.851, 3.749, 3.643], 3.747666666666666]
[[3.66, 2.393, -1.938], 1.3716666666666668]
[[1.713, 1.642, 2.514], 1.9563333333333333]
[[-3.167, -5.594, -5.518], -4.759666666666667]
[[-4.284, 0.775, 0.08], -1.143]
[[-4.089, -1.35, 2.5], -0.9796666666666667]
[[-2.026, 0.99, -9.837], -3.624333333333333]
[[-1.083, -3.707, -2.263], -2.351]
[[3.444, 3.364, 3.395], 3.401]
[[3.081, 1.512, -2.803], 0.5966666666666667]
[[-0.705, 0.233, -3.245], -1.239]
[[3.559, 3.18, 3.445], 3.394666666666667]
[[3.069, 2.573, 3.135], 2.9256666666666664]
[[0.272, -0.974, 0.451], -0.08366666666666665]
[[0.669, 2.757, 1.279], 1.5683333333333334]
[[-2.207, 0.596, -0.128], -0.5796666666666667]
[[3.817, 3.586, 0.302], 2.5683333333333334]
[[2.441, 2.301, 2.263], 2.335]
[[1.783, -0.875, 2.077], 0.995]
[[1.936, -9.606, 2.698], -1.657333333333333]
[[-1.36, 1.813, 3.486], 1.313]
[[-5.438, -8.71, -1.176], -5.108]
[[2.172, 0.282, 2.909], 1.7876666666666665]
[[0.835, -0.694, 2.192], 0.7776666666666667]
[[-0.36, 1.754, -0.355], 0.3463333333333334]
[[-1.3, -5.218, -6.885], -4.467666666666666]
[[0.057, 0.087, -0.389], -0.08166666666666668]
[[-8.14, 1.49, -7.524], -4.724666666666667]
[[0.051, 0.239, -7.491], -2.400333333333333]
[[-1.905, 2.36, -16.395], -5.3133333333333335]
[[3.219, -4.71, 2.526], 0.3449999999999999]
[[-4.75, 1.446, 2.096], -0.40266666666666673]
[[-8.159, 2.019, -9.238], -5.126]
[[0.31, 1.632, 0.195], 0.7123333333333334]
[[-1.277, 1.961, -3.366], -0.894]
[[-5.956, -5.921, -7.775], -6.550666666666667]
[[-1.105, 2.521, 0.26], 0.5586666666666666]
[[2.886, -1.271, 0.325], 0.6466666666666667]
[[3.015, 3.409, -4.492], 0.6439999999999998]
[[0.597, 1.51, -1.873], 0.07800000000000007]
[[1.345, 2.856, 0.919], 1.7066666666666663]
[[-13.235, 1.162, 1.026], -3.6823333333333337]
